0 122 [90, 105, 120, 214]
1 126 [90, 105, 120, 213, 214, 214]
2 132 [59, 74, 75, 90, 105, 120, 135, 213, 214, 214]
3 142 [29, 44, 59, 74, 75, 90, 105, 120, 135, 212, 213, 213]
4 154 [29, 44, 59, 74, 75, 90, 105, 120, 135, 166, 212, 213]
5 166 [29, 44, 45, 59, 74, 75, 90, 105, 120, 135, 151, 166, 181, 196, 212, 213]
6 182 [29, 44, 45, 59, 74, 75, 90, 105, 120, 135, 151, 166, 181, 196, 212, 212]
7 198 [29, 45, 61, 90, 105, 120, 135, 150, 151, 166, 181, 196, 212, 212]
8 212 [45, 61, 105, 120, 135, 150, 151, 166, 181, 196, 212, 212]
9 224 [45, 61, 120, 135, 150, 151, 166, 181, 196, 196]
10 234 [61, 120, 135, 150, 151, 166, 181, 181]
11 242 [61, 77, 120, 135, 150, 151, 166, 166]
12 250 [61, 77, 120, 135, 151, 166]
13 256 [77, 135, 136, 151]
14 260 [77, 135, 136, 151]
15 264 [77, 135, 136, 151]
16 268 [135, 136, 151, 151]
17 272 [92, 135, 136, 136]
18 276 [92, 135, 136, 136]
19 280 [92, 135, 136, 136]
20 284 [92, 135, 136, 136]
21 288 [92, 135, 136, 136]
22 292 [92, 135, 136, 136]
23 296 [92, 135, 136, 136]
24 300 [92, 135, 136, 136]
25 304 [92, 135, 136, 136]
26 308 [92, 135, 136, 136]
27 312 [92, 135, 136, 136]
28 316 [92, 135, 136, 136]
29 320 [92, 135, 136, 136]
30 324 [92, 136]
31 326 [92, 136]
32 328 [92, 136]
33 330 [92, 136]
34 332 [92, 136]
35 334 [92, 136]
36 336 [92, 136]
37 338 [92, 136]
38 340 [92, 136]
39 342 [92, 136]
40 344 [92, 136]
41 346 [76, 136]
42 348 [76, 136]
43 350 [75, 76, 136, 136]
44 354 [75, 76, 136, 136]
45 358 [59, 136]
46 360 [59, 136]
47 362 [43, 59, 136, 136]
48 366 [43, 59, 136, 136]
49 370 [27, 43, 59, 136]
50 374 [27, 43, 136, 136]
51 378 [10, 11, 27, 43, 136, 136]
52 384 [10, 11, 27, 136]
53 388 [10, 25, 136, 136]
54 392 [10, 24, 25, 136]
55 396 [24, 25, 136, 153]
56 400 [24, 25, 136, 153]
57 404 [23, 24, 136, 153]
58 408 [23, 24, 38, 39, 136, 153]
59 414 [38, 39, 136, 153]
60 418 [38, 136, 153, 170]
61 422 [37, 38, 136, 153, 170, 170]
62 428 [37, 38, 119, 136, 153, 170, 186, 187, 203, 203]
63 438 [36, 37, 119, 136, 153, 170, 186, 187, 203, 220, 237, 237]
64 450 [36, 37, 86, 119, 136, 153, 170, 186, 187, 203, 220, 237]
65 462 [36, 37, 52, 69, 86, 103, 119, 136, 153, 170, 186, 187, 203, 220, 221, 237]
66 478 [36, 52, 69, 86, 103, 119, 136, 153, 170, 186, 187, 203, 220, 221, 237, 237]
67 494 [36, 52, 69, 86, 102, 103, 119, 136, 153, 170, 205, 221, 237, 237]
68 508 [36, 52, 69, 86, 102, 103, 119, 136, 153, 205, 221, 221]
69 520 [52, 69, 86, 102, 103, 119, 136, 205, 221, 221]
70 530 [69, 86, 102, 103, 119, 136, 205, 205]
71 538 [86, 102, 103, 119, 136, 189, 205, 205]
72 546 [86, 103, 119, 136, 189, 205]
73 552 [103, 119, 120, 189]
74 556 [103, 119, 120, 189]
75 560 [103, 119, 120, 189]
76 564 [103, 119, 120, 120]
77 568 [119, 120, 172, 172]
78 572 [119, 120, 172, 172]
79 576 [119, 120, 172, 172]
80 580 [119, 120, 172, 172]
81 584 [119, 120, 172, 172]
82 588 [119, 120, 172, 172]
83 592 [119, 120, 172, 172]
84 596 [119, 120, 172, 172]
85 600 [119, 120, 172, 172]
86 604 [119, 120, 172, 172]
87 608 [119, 120, 172, 172]
88 612 [119, 120, 172, 172]
89 616 [119, 120, 172, 172]
90 620 [120, 172]
91 622 [120, 172]
92 624 [120, 172]
93 626 [120, 172]
94 628 [120, 172]
95 630 [120, 172]
96 632 [120, 172]
97 634 [120, 172]
98 636 [120, 172]
99 638 [120, 172]
100 640 [120, 172]
101 642 [120, 188]
102 644 [120, 188]
103 646 [120, 187, 188, 188]
104 650 [120, 187, 188, 188]
105 654 [120, 203]
106 656 [120, 203]
107 658 [120, 203, 219, 219]
108 662 [120, 203, 219, 219]
109 666 [120, 203, 219, 235]
110 670 [120, 219, 235, 235]
111 674 [120, 219, 235, 250, 251, 251]
112 680 [120, 235, 250, 251]
113 684 [120, 233, 250, 250]
114 688 [120, 232, 233, 250]
115 692 [105, 120, 232, 233]
116 696 [105, 120, 232, 233]
117 700 [105, 120, 231, 232]
118 704 [105, 120, 214, 215, 231, 232]
119 710 [105, 120, 214, 215]
120 714 [0, 0, 0, 0, 0, 0, 0, 0, 0, 0, 0, 0, 0, 0, 0, 0, 0, 0, 0, 0, 0, 0, 0, 0, 0, 0, 0, 0, 0, 0, 0, 0, 0, 0, 0, 0, 0, 0, 0, 0, 0, 0, 0, 0, 0, 0, 0, 0, 0, 0, 0, 0, 0, 0, 0, 0, 0, 0, 0, 0, 0, 0, 0, 0, 0, 0, 0, 0, 0, 0, 0, 0, 0, 0, 0, 0, 0, 0, 0, 0, 0, 0, 0, 0, 0, 0, 0, 0, 0, 0, 0, 0, 0, 0, 0, 0, 0, 0, 0, 0, 0, 0, 0, 0, 0, 0, 0, 0, 0, 0, 0, 0, 0, 0, 0, 0, 0, 0, 0, 0, 0, 0, 0, 0, 0, 0, 0, 0, 0, 0, 0, 0, 0, 0, 0, 0, 0, 0, 0, 0, 0, 0, 0, 0, 0, 0, 0, 0, 0, 0, 0, 0, 0, 0, 0, 0, 0, 0, 0, 0, 0, 0, 0, 0, 0, 0, 0, 0, 0, 0, 0, 0, 0, 0, 0, 0, 0, 0, 0, 0, 0, 0, 0, 0, 0, 0, 0, 0, 0, 0, 0, 0, 0, 0, 0, 0, 0, 0, 0, 0, 0, 0, 0, 0, 0, 0, 0, 0, 0, 0, 0, 0, 0, 0, 0, 0, 0, 0, 0, 0, 0, 0, 0, 0, 0, 0, 0, 0, 0, 0, 0, 0, 0, 0, 0, 0, 0, 0, 0, 0, 0, 0, 0, 0, 0, 0, 0, 0, 0, 0, 0, 0, 0, 0, 0, 0, 0, 0, 0, 0, 0, 0, 0, 0, 0, 0, 0, 0, 0, 0, 0, 0, 0, 0, 0, 0, 0, 0, 0, 0, 0, 0, 0, 0, 0, 0, 0, 0, 0, 0, 0, 0, 0, 0, 0, 0, 0, 0, 0, 0, 0, 0, 0, 0, 0, 0, 0, 0, 0, 0]
